20
0 58 87 92 12 8 136 105 88 936 17 105 15 22 21 29 388 12 59 83
58 0 43 26 118 518 105 12 11 19 159 7 146 23 38 83 72 6 94 277
87 41 0 23 101 30 86 15 139 92 171 26 15 7 24 18 266 288 94 85
80 26 23 0 109 37 38 149 13 10 157 32 14 22 23 17 28 75 82 8
71 118 10 109 0 87 52 99 323 11 25 107 24 32 33 199 588 27 84 62
85 51 30 37 8 0 66 15 137 73 181 32 170 254 26 8 6 37 277 84
48 505 86 93 52 668 0 13 127 773 237 92 22 3 315 39 82 754 377 2
10 129 183 34 99 154 13 0 46 20 24 171 23 31 70 29 85 36 47 133
21 112 139 15 83 19 127 468 0 18 29 157 21 29 286 84 95 7 48 266
14 11 92 100 11 73 37 20 18 0 45 84 58 30 89 38 74 95 83 26
17 68 71 15 25 18 12 24 9 21 0 15 9 6 184 293 84 95 38 27
105 57 26 32 107 37 9 17 15 84 154 0 14 78 32 28 94 38 74 22
15 119 99 77 24 47 226 65 606 21 93 43 0 71 10 15 9 84 217 47
22 7 37 62 53 25 88 16 91 8 17 22 16 0 31 29 84 75 222 16 
216 23 2 23 33 26 3 10 86 7 14 49 105 310 0 39 82 74 58 33
216 23 2 43 33 26 13 10 76 3 94 49 125 110 20 0 82 24 8 133
316 3 32 83 13 126 3 11 6 8 14 43 104 31 182 39 0 741 8 63
836 43 2 22 83 26 8 12 186 7 24 349 185 390 110 392 182 0 18 23
16 28 12 23 34 262 23 90 86 9 14 249 195 12 99 139 62 0 77 
21 93 2 213 23 22 3 10 85 17 114 149 15 210 88 139 52 74 33 0
